{
 "cells": [
  {
   "metadata": {},
   "cell_type": "markdown",
   "source": [
    "## 1.熵权法计算主题得分\n",
    "\n"
   ],
   "id": "1c7b2980c699332"
  },
  {
   "metadata": {
    "ExecuteTime": {
     "end_time": "2025-04-27T16:15:05.568171Z",
     "start_time": "2025-04-27T16:15:05.563172Z"
    }
   },
   "cell_type": "code",
   "source": [
    "import pandas as pd\n",
    "import csv\n",
    "import numpy as np\n",
    "import statsmodels.api as sm\n",
    "from sklearn.preprocessing import MinMaxScaler"
   ],
   "id": "78ed185653132cb3",
   "outputs": [],
   "execution_count": 188
  },
  {
   "metadata": {},
   "cell_type": "markdown",
   "source": "### （1）先从文档拿到所有推文数据，整理为表格吧",
   "id": "4b24bd2a77ae0497"
  },
  {
   "metadata": {
    "ExecuteTime": {
     "end_time": "2025-04-27T16:15:05.643341Z",
     "start_time": "2025-04-27T16:15:05.609020Z"
    }
   },
   "cell_type": "code",
   "source": [
    "#把每列数据整理起来创建：\n",
    "fans = []\n",
    "vote = []\n",
    "comment = []\n",
    "for i in range(1,51):\n",
    "    with open(f\"../reddit/content/reddit_content_{i}.txt\",'r',encoding=\"utf-8\") as f:\n",
    "        line = f.readline().split(\"\\t\",maxsplit=3)[:3]\n",
    "        print(line)\n",
    "        fans.append(int(line[0].split(' ')[2]))\n",
    "        vote.append(int(line[1].split(' ')[2]))\n",
    "        comment.append(int(line[2].split(' ')[2]))\n",
    "print(fans)\n",
    "print(vote)\n",
    "print(comment)"
   ],
   "id": "5b42caad6e58d464",
   "outputs": [
    {
     "name": "stdout",
     "output_type": "stream",
     "text": [
      "['浏览量 : 3605980', '点赞量 : 11', '评论量 : 30']\n",
      "['浏览量 : 3605981', '点赞量 : 3553', '评论量 : 92']\n",
      "['浏览量 : 3605982', '点赞量 : 1381', '评论量 : 268']\n",
      "['浏览量 : 3605985', '点赞量 : 395', '评论量 : 55']\n",
      "['浏览量 : 3605983', '点赞量 : 3432', '评论量 : 245']\n",
      "['浏览量 : 3605985', '点赞量 : 885', '评论量 : 83']\n",
      "['浏览量 : 3605987', '点赞量 : 610', '评论量 : 45']\n",
      "['浏览量 : 3605985', '点赞量 : 6811', '评论量 : 361']\n",
      "['浏览量 : 3605983', '点赞量 : 0', '评论量 : 90']\n",
      "['浏览量 : 612367', '点赞量 : 11060', '评论量 : 295']\n",
      "['浏览量 : 612367', '点赞量 : 4552', '评论量 : 265']\n",
      "['浏览量 : 612367', '点赞量 : 3456', '评论量 : 249']\n",
      "['浏览量 : 612367', '点赞量 : 3008', '评论量 : 190']\n",
      "['浏览量 : 612365', '点赞量 : 2726', '评论量 : 303']\n",
      "['浏览量 : 612364', '点赞量 : 2672', '评论量 : 236']\n",
      "['浏览量 : 612364', '点赞量 : 2470', '评论量 : 571']\n",
      "['浏览量 : 612357', '点赞量 : 2237', '评论量 : 112']\n",
      "['浏览量 : 612342', '点赞量 : 1835', '评论量 : 198']\n",
      "['浏览量 : 612344', '点赞量 : 1779', '评论量 : 197']\n",
      "['浏览量 : 612345', '点赞量 : 1597', '评论量 : 153']\n",
      "['浏览量 : 138869', '点赞量 : 887', '评论量 : 203']\n",
      "['浏览量 : 612254', '点赞量 : 616', '评论量 : 108']\n",
      "['浏览量 : 612254', '点赞量 : 457', '评论量 : 289']\n",
      "['浏览量 : 8083465', '点赞量 : 725', '评论量 : 183']\n",
      "['浏览量 : 612255', '点赞量 : 595', '评论量 : 134']\n",
      "['浏览量 : 446941', '点赞量 : 259', '评论量 : 162']\n",
      "['浏览量 : 2260965', '点赞量 : 43', '评论量 : 106']\n",
      "['浏览量 : 612254', '点赞量 : 371', '评论量 : 117']\n",
      "['浏览量 : 612254', '点赞量 : 1732', '评论量 : 556']\n",
      "['浏览量 : 612254', '点赞量 : 436', '评论量 : 111']\n",
      "['浏览量 : 612254', '点赞量 : 725', '评论量 : 258']\n",
      "['浏览量 : 278182', '点赞量 : 6861', '评论量 : 600']\n",
      "['浏览量 : 16506', '点赞量 : 191', '评论量 : 214']\n",
      "['浏览量 : 31600', '点赞量 : 181', '评论量 : 92']\n",
      "['浏览量 : 35257956', '点赞量 : 9247', '评论量 : 1644']\n",
      "['浏览量 : 52890', '点赞量 : 64', '评论量 : 92']\n",
      "['浏览量 : 35258052', '点赞量 : 222', '评论量 : 101']\n",
      "['浏览量 : 612259', '点赞量 : 262', '评论量 : 78']\n",
      "['浏览量 : 2286588', '点赞量 : 1952', '评论量 : 74']\n",
      "['浏览量 : 537656', '点赞量 : 126', '评论量 : 167']\n",
      "['浏览量 : 106329', '点赞量 : 26', '评论量 : 173']\n",
      "['浏览量 : 4381226', '点赞量 : 1050', '评论量 : 226']\n",
      "['浏览量 : 3788644', '点赞量 : 1008', '评论量 : 207']\n",
      "['浏览量 : 147308', '点赞量 : 77', '评论量 : 62']\n",
      "['浏览量 : 48173', '点赞量 : 287', '评论量 : 109']\n",
      "['浏览量 : 48173', '点赞量 : 610', '评论量 : 65']\n",
      "['浏览量 : 48173', '点赞量 : 125', '评论量 : 154']\n",
      "['浏览量 : 48173', '点赞量 : 26', '评论量 : 122']\n",
      "['浏览量 : 1114991', '点赞量 : 2514', '评论量 : 356']\n",
      "['浏览量 : 1115003', '点赞量 : 289', '评论量 : 43']\n",
      "[3605980, 3605981, 3605982, 3605985, 3605983, 3605985, 3605987, 3605985, 3605983, 612367, 612367, 612367, 612367, 612365, 612364, 612364, 612357, 612342, 612344, 612345, 138869, 612254, 612254, 8083465, 612255, 446941, 2260965, 612254, 612254, 612254, 612254, 278182, 16506, 31600, 35257956, 52890, 35258052, 612259, 2286588, 537656, 106329, 4381226, 3788644, 147308, 48173, 48173, 48173, 48173, 1114991, 1115003]\n",
      "[11, 3553, 1381, 395, 3432, 885, 610, 6811, 0, 11060, 4552, 3456, 3008, 2726, 2672, 2470, 2237, 1835, 1779, 1597, 887, 616, 457, 725, 595, 259, 43, 371, 1732, 436, 725, 6861, 191, 181, 9247, 64, 222, 262, 1952, 126, 26, 1050, 1008, 77, 287, 610, 125, 26, 2514, 289]\n",
      "[30, 92, 268, 55, 245, 83, 45, 361, 90, 295, 265, 249, 190, 303, 236, 571, 112, 198, 197, 153, 203, 108, 289, 183, 134, 162, 106, 117, 556, 111, 258, 600, 214, 92, 1644, 92, 101, 78, 74, 167, 173, 226, 207, 62, 109, 65, 154, 122, 356, 43]\n"
     ]
    }
   ],
   "execution_count": 189
  },
  {
   "metadata": {
    "ExecuteTime": {
     "end_time": "2025-04-27T16:15:05.656004Z",
     "start_time": "2025-04-27T16:15:05.648340Z"
    }
   },
   "cell_type": "code",
   "source": [
    "idx = [f'推文{i}' for i in range(1,51)]\n",
    "Indicator_df = pd.DataFrame({\n",
    "    'fans':fans,\n",
    "    'vote':vote,\n",
    "    'comment':comment\n",
    "},index=idx)\n",
    "print(Indicator_df)\n"
   ],
   "id": "8df43115ec5fdea6",
   "outputs": [
    {
     "name": "stdout",
     "output_type": "stream",
     "text": [
      "          fans   vote  comment\n",
      "推文1    3605980     11       30\n",
      "推文2    3605981   3553       92\n",
      "推文3    3605982   1381      268\n",
      "推文4    3605985    395       55\n",
      "推文5    3605983   3432      245\n",
      "推文6    3605985    885       83\n",
      "推文7    3605987    610       45\n",
      "推文8    3605985   6811      361\n",
      "推文9    3605983      0       90\n",
      "推文10    612367  11060      295\n",
      "推文11    612367   4552      265\n",
      "推文12    612367   3456      249\n",
      "推文13    612367   3008      190\n",
      "推文14    612365   2726      303\n",
      "推文15    612364   2672      236\n",
      "推文16    612364   2470      571\n",
      "推文17    612357   2237      112\n",
      "推文18    612342   1835      198\n",
      "推文19    612344   1779      197\n",
      "推文20    612345   1597      153\n",
      "推文21    138869    887      203\n",
      "推文22    612254    616      108\n",
      "推文23    612254    457      289\n",
      "推文24   8083465    725      183\n",
      "推文25    612255    595      134\n",
      "推文26    446941    259      162\n",
      "推文27   2260965     43      106\n",
      "推文28    612254    371      117\n",
      "推文29    612254   1732      556\n",
      "推文30    612254    436      111\n",
      "推文31    612254    725      258\n",
      "推文32    278182   6861      600\n",
      "推文33     16506    191      214\n",
      "推文34     31600    181       92\n",
      "推文35  35257956   9247     1644\n",
      "推文36     52890     64       92\n",
      "推文37  35258052    222      101\n",
      "推文38    612259    262       78\n",
      "推文39   2286588   1952       74\n",
      "推文40    537656    126      167\n",
      "推文41    106329     26      173\n",
      "推文42   4381226   1050      226\n",
      "推文43   3788644   1008      207\n",
      "推文44    147308     77       62\n",
      "推文45     48173    287      109\n",
      "推文46     48173    610       65\n",
      "推文47     48173    125      154\n",
      "推文48     48173     26      122\n",
      "推文49   1114991   2514      356\n",
      "推文50   1115003    289       43\n"
     ]
    }
   ],
   "execution_count": 190
  },
  {
   "metadata": {
    "ExecuteTime": {
     "end_time": "2025-04-27T16:15:05.989099Z",
     "start_time": "2025-04-27T16:15:05.684542Z"
    }
   },
   "cell_type": "code",
   "source": [
    "#或者使用列表＋元组创建：\n",
    "data_list = []\n",
    "for i in range(1,1274):\n",
    "    with open(f\"../reddit/massive_content/reddit_content_{i}.txt\",'r',encoding=\"utf-8\") as f:\n",
    "        line = f.readline().split(\"\\t\",maxsplit=3)[:3]\n",
    "        # print(line)\n",
    "        # print(i)\n",
    "        data = (int(line[0].split(\" \")[2]),int(line[1].split(\" \")[2]),int(line[2].split(\" \")[2]))\n",
    "        print(data)\n",
    "        data_list.append(data)\n",
    "# print(data_list)\n",
    "origin_df = pd.DataFrame(data_list,index=[f'推文{i}' for i in range(1,1274)],columns=['fans','vote','comment'])\n",
    "# print(df.head())\n",
    "# print(df.info())\n",
    "#修改单个值 一个先行后列一个先列后行\n",
    "# df.loc['推文9','vote'] = 1\n",
    "#df['vote'].loc['推文9'] = 1\n",
    "origin_df\n"
   ],
   "id": "23671baea4a8d283",
   "outputs": [
    {
     "name": "stdout",
     "output_type": "stream",
     "text": [
      "(611779, 66, 63)\n",
      "(611779, 841, 94)\n",
      "(611779, 5, 0)\n",
      "(611779, 39, 14)\n",
      "(611779, 105, 28)\n",
      "(611779, 46, 12)\n",
      "(611779, 8530, 1001)\n",
      "(611779, 7506, 619)\n",
      "(611779, 7447, 126)\n",
      "(611779, 6655, 150)\n",
      "(611779, 6549, 182)\n",
      "(611779, 6522, 312)\n",
      "(611779, 6485, 144)\n",
      "(611779, 6446, 184)\n",
      "(611779, 6373, 193)\n",
      "(611779, 5761, 702)\n",
      "(611779, 5726, 1276)\n",
      "(611779, 5560, 529)\n",
      "(611779, 5546, 318)\n",
      "(611779, 5233, 131)\n",
      "(611779, 5031, 177)\n",
      "(611779, 4976, 1047)\n",
      "(611779, 4918, 214)\n",
      "(611779, 4809, 335)\n",
      "(611779, 4724, 48)\n",
      "(611779, 4609, 15)\n",
      "(611779, 4556, 265)\n",
      "(611779, 4454, 305)\n",
      "(611779, 4337, 165)\n",
      "(611779, 4226, 205)\n",
      "(611779, 4168, 222)\n",
      "(611779, 4074, 281)\n",
      "(611779, 3950, 788)\n",
      "(611779, 3949, 185)\n",
      "(611779, 3754, 399)\n",
      "(611779, 3740, 240)\n",
      "(611779, 3616, 65)\n",
      "(611779, 3587, 240)\n",
      "(611779, 3586, 314)\n",
      "(611779, 3542, 117)\n",
      "(611779, 3510, 81)\n",
      "(611779, 3487, 559)\n",
      "(611779, 3468, 181)\n",
      "(611779, 3459, 175)\n",
      "(611779, 3457, 249)\n",
      "(611779, 3417, 240)\n",
      "(611779, 3380, 216)\n",
      "(611779, 3369, 699)\n",
      "(611779, 3291, 409)\n",
      "(611779, 3265, 266)\n",
      "(611779, 3245, 206)\n",
      "(611779, 3113, 392)\n",
      "(611779, 3092, 312)\n",
      "(611779, 3070, 369)\n",
      "(611779, 3008, 190)\n",
      "(611779, 2959, 172)\n",
      "(611779, 2850, 127)\n",
      "(611779, 2844, 164)\n",
      "(611779, 2776, 126)\n",
      "(611779, 2736, 198)\n",
      "(611779, 2726, 303)\n",
      "(611779, 2673, 236)\n",
      "(611779, 2660, 81)\n",
      "(611779, 2647, 108)\n",
      "(611779, 2644, 132)\n",
      "(611779, 2628, 88)\n",
      "(611779, 2627, 80)\n",
      "(611779, 2580, 50)\n",
      "(611779, 2573, 89)\n",
      "(611779, 2558, 116)\n",
      "(611779, 2554, 240)\n",
      "(611779, 2511, 170)\n",
      "(611779, 2502, 126)\n",
      "(611779, 2471, 571)\n",
      "(611780, 2457, 633)\n",
      "(611780, 2451, 100)\n",
      "(611780, 2442, 122)\n",
      "(611780, 2431, 190)\n",
      "(611780, 2427, 211)\n",
      "(611780, 2416, 128)\n",
      "(611780, 2400, 310)\n",
      "(611780, 2351, 562)\n",
      "(611780, 2343, 60)\n",
      "(611780, 2322, 366)\n",
      "(611780, 2320, 96)\n",
      "(611780, 2310, 65)\n",
      "(611780, 2289, 75)\n",
      "(611780, 2278, 297)\n",
      "(611780, 2260, 107)\n",
      "(611780, 2258, 108)\n",
      "(611780, 2257, 446)\n",
      "(611780, 2250, 151)\n",
      "(611780, 2237, 112)\n",
      "(611780, 2224, 118)\n",
      "(611780, 2204, 764)\n",
      "(611780, 2199, 22)\n",
      "(611780, 2194, 217)\n",
      "(611780, 2175, 240)\n",
      "(611780, 2166, 67)\n",
      "(611780, 2152, 261)\n",
      "(611780, 2145, 55)\n",
      "(611780, 2130, 788)\n",
      "(611780, 2117, 46)\n",
      "(611780, 2087, 154)\n",
      "(611780, 2086, 62)\n",
      "(611780, 2083, 67)\n",
      "(611780, 2029, 76)\n",
      "(611780, 2015, 30)\n",
      "(611780, 1997, 237)\n",
      "(611780, 1990, 315)\n",
      "(611780, 1967, 73)\n",
      "(611780, 1962, 21)\n",
      "(611780, 1958, 399)\n",
      "(611780, 1956, 232)\n",
      "(611780, 1942, 542)\n",
      "(611780, 1938, 256)\n",
      "(611781, 1934, 76)\n",
      "(611781, 1928, 62)\n",
      "(611781, 1928, 74)\n",
      "(611781, 1926, 45)\n",
      "(611781, 1924, 704)\n",
      "(611781, 1913, 57)\n",
      "(611781, 1887, 51)\n",
      "(611781, 1883, 331)\n",
      "(611781, 1883, 368)\n",
      "(611781, 1873, 81)\n",
      "(611781, 1867, 71)\n",
      "(611781, 1866, 117)\n",
      "(611781, 1860, 35)\n",
      "(611781, 1853, 791)\n",
      "(611781, 1846, 35)\n",
      "(611781, 1835, 197)\n",
      "(611781, 1829, 266)\n",
      "(611781, 1824, 244)\n",
      "(611781, 1821, 131)\n",
      "(611781, 1803, 181)\n",
      "(611781, 1803, 121)\n",
      "(611781, 1802, 406)\n",
      "(611781, 1797, 72)\n",
      "(611781, 1791, 276)\n",
      "(611781, 1779, 97)\n",
      "(611781, 1779, 197)\n",
      "(611781, 1775, 280)\n",
      "(611781, 1773, 49)\n",
      "(611781, 1768, 65)\n",
      "(611781, 1758, 60)\n",
      "(611781, 1736, 1158)\n",
      "(611781, 1732, 556)\n",
      "(611781, 1729, 166)\n",
      "(611781, 1729, 806)\n",
      "(611781, 1728, 68)\n",
      "(611781, 1725, 414)\n",
      "(611781, 1723, 52)\n",
      "(611781, 1716, 574)\n",
      "(611781, 1716, 64)\n",
      "(611781, 1707, 25)\n",
      "(611781, 1696, 80)\n",
      "(611781, 1683, 157)\n",
      "(611781, 1681, 99)\n",
      "(611781, 1680, 31)\n",
      "(611781, 1674, 195)\n",
      "(611781, 1671, 111)\n",
      "(611781, 1656, 41)\n",
      "(611781, 1652, 258)\n",
      "(611781, 1650, 137)\n",
      "(611781, 1642, 65)\n",
      "(611781, 1634, 247)\n",
      "(611781, 1626, 119)\n",
      "(611781, 1621, 49)\n",
      "(611781, 1618, 87)\n",
      "(611781, 1615, 258)\n",
      "(611781, 1609, 1306)\n",
      "(611781, 1597, 153)\n",
      "(611781, 1593, 116)\n",
      "(611781, 1588, 103)\n",
      "(611781, 1585, 100)\n",
      "(611781, 1580, 84)\n",
      "(611781, 1573, 138)\n",
      "(611781, 1569, 86)\n",
      "(611781, 1568, 65)\n",
      "(611781, 1566, 485)\n",
      "(611781, 1562, 73)\n",
      "(611781, 1555, 434)\n",
      "(611781, 1552, 161)\n",
      "(611781, 1540, 84)\n",
      "(611781, 1538, 991)\n",
      "(611781, 1534, 74)\n",
      "(611781, 1532, 42)\n",
      "(1124967, 2, 110)\n",
      "(1124967, 4434, 9889)\n",
      "(1124975, 1057, 26)\n",
      "(1124975, 1598, 48)\n",
      "(1124975, 17, 240)\n",
      "(1124975, 9, 867)\n",
      "(1124976, 2372, 129)\n",
      "(1124976, 8166, 66)\n",
      "(1124976, 3, 1)\n",
      "(1124976, 3233, 90)\n",
      "(1124976, 7481, 267)\n",
      "(1124976, 565, 23)\n",
      "(1124977, 598, 14)\n",
      "(1124977, 7439, 51)\n",
      "(1124977, 39, 4)\n",
      "(1124977, 0, 9)\n",
      "(1124977, 1444, 47)\n",
      "(1124977, 1023, 17)\n",
      "(1124978, 6633, 67)\n",
      "(1124978, 3191, 24)\n",
      "(1124978, 809, 73)\n",
      "(1124978, 21, 5)\n",
      "(1124978, 1204, 259)\n",
      "(1124978, 181, 19)\n",
      "(1124978, 6418, 515)\n",
      "(1124978, 5, 6)\n",
      "(1124978, 159, 7)\n",
      "(1124978, 6276, 70)\n",
      "(1124979, 829, 180)\n",
      "(1124981, 2, 12)\n",
      "(1124981, 37, 1)\n",
      "(1124981, 1245, 12)\n",
      "(1124981, 5719, 267)\n",
      "(1124982, 5668, 72)\n",
      "(1124982, 352, 5)\n",
      "(1124982, 113, 25)\n",
      "(1124982, 2345, 114)\n",
      "(1124982, 5646, 168)\n",
      "(1124982, 5470, 407)\n",
      "(1124982, 2205, 165)\n",
      "(1124982, 370, 18)\n",
      "(1124982, 260, 128)\n",
      "(1124983, 1443, 17)\n",
      "(1124983, 1275, 37)\n",
      "(1124983, 303, 29)\n",
      "(1124983, 102, 28)\n",
      "(1124983, 5414, 290)\n",
      "(1124983, 1152, 39)\n",
      "(1124983, 5306, 185)\n",
      "(1124983, 729, 31)\n",
      "(1124983, 5162, 94)\n",
      "(1124983, 84, 65)\n",
      "(1124983, 252, 2)\n",
      "(1124983, 1707, 140)\n",
      "(1124983, 208, 9)\n",
      "(1124983, 0, 9)\n",
      "(1124983, 4728, 150)\n",
      "(1124983, 4597, 536)\n",
      "(1124983, 102, 6)\n",
      "(1124983, 4497, 306)\n",
      "(1124983, 4434, 9895)\n",
      "(1124991, 2868, 38)\n",
      "(1124991, 1272, 55)\n",
      "(1124991, 114, 4)\n",
      "(1124991, 4166, 397)\n",
      "(1124991, 4107, 60)\n",
      "(1124991, 64, 1)\n",
      "(1124991, 2526, 86)\n",
      "(1124992, 4096, 102)\n",
      "(1124992, 13, 4)\n",
      "(1124992, 0, 2)\n",
      "(1124992, 4000, 283)\n",
      "(1124992, 3939, 708)\n",
      "(338389, 3151, 724)\n",
      "(1124993, 1670, 53)\n",
      "(1124993, 3922, 197)\n",
      "(1124993, 3904, 40)\n",
      "(1124993, 0, 33)\n",
      "(1124993, 3770, 177)\n",
      "(1124993, 201, 14)\n",
      "(1124993, 4, 6)\n",
      "(1124993, 3751, 212)\n",
      "(1124994, 77, 15)\n",
      "(1124994, 53, 3)\n",
      "(1124994, 58, 4)\n",
      "(1124994, 4, 2)\n",
      "(1124994, 86, 4)\n",
      "(1124994, 3675, 35)\n",
      "(1124994, 3484, 176)\n",
      "(1124994, 3453, 390)\n",
      "(1124994, 506, 41)\n",
      "(1124994, 3410, 66)\n",
      "(1124994, 3297, 101)\n",
      "(1124994, 732, 395)\n",
      "(1124994, 3277, 27)\n",
      "(1124994, 7, 4)\n",
      "(1124994, 3273, 937)\n",
      "(1124995, 3254, 55)\n",
      "(1124995, 1598, 48)\n",
      "(1124995, 3133, 197)\n",
      "(1124995, 140, 15)\n",
      "(1124995, 1730, 47)\n",
      "(1124995, 3002, 50)\n",
      "(1124995, 2957, 89)\n",
      "(1124996, 410, 23)\n",
      "(1124998, 2935, 29)\n",
      "(1124998, 40, 8)\n",
      "(1124998, 2884, 81)\n",
      "(1124998, 2872, 33)\n",
      "(1124998, 62, 27)\n",
      "(1124999, 2823, 142)\n",
      "(1124999, 2774, 179)\n",
      "(1124999, 2728, 31)\n",
      "(1125000, 2726, 52)\n",
      "(1125000, 2645, 31)\n",
      "(1125001, 148, 15)\n",
      "(1125001, 2640, 41)\n",
      "(1125001, 414, 13)\n",
      "(1125001, 0, 2)\n",
      "(1125001, 144, 46)\n",
      "(1125002, 189, 6)\n",
      "(1125002, 81, 49)\n",
      "(1125002, 16, 2)\n",
      "(1125002, 2636, 433)\n",
      "(1125002, 2624, 31)\n",
      "(1125002, 98, 8)\n",
      "(1125002, 1200, 227)\n",
      "(1125003, 2597, 228)\n",
      "(1125003, 0, 2)\n",
      "(1125003, 9, 6)\n",
      "(1125003, 128, 19)\n",
      "(1125003, 2576, 185)\n",
      "(1125003, 69, 7)\n",
      "(1125003, 2491, 48)\n",
      "(1125003, 2479, 132)\n",
      "(1125003, 2473, 148)\n",
      "(1125003, 770, 12)\n",
      "(1125003, 2420, 29)\n",
      "(1125003, 2370, 20)\n",
      "(1125003, 154, 15)\n",
      "(1125004, 1180, 256)\n",
      "(1125003, 2326, 34)\n",
      "(1125003, 3, 11)\n",
      "(1125003, 211, 2)\n",
      "(1125003, 257, 22)\n",
      "(1125003, 159, 18)\n",
      "(1125004, 279, 17)\n",
      "(1125004, 70, 6)\n",
      "(1125004, 2319, 100)\n",
      "(1125004, 2155, 41)\n",
      "(1125004, 1083, 14)\n",
      "(1125004, 2126, 220)\n",
      "(1125006, 56, 1)\n",
      "(1125006, 47, 4)\n",
      "(1125006, 2101, 136)\n",
      "(1125006, 2076, 46)\n",
      "(1125007, 2058, 25)\n",
      "(1125007, 0, 39)\n",
      "(1125007, 2011, 276)\n",
      "(1125007, 1974, 23)\n",
      "(1125007, 1957, 20)\n",
      "(1125007, 1953, 58)\n",
      "(1125007, 8, 5)\n",
      "(1125007, 14639, 200)\n",
      "(1125007, 1949, 77)\n",
      "(1125007, 373, 46)\n",
      "(1125007, 1942, 28)\n",
      "(1125008, 632, 17)\n",
      "(1125008, 72, 98)\n",
      "(1125008, 1936, 169)\n",
      "(1125008, 4, 3)\n",
      "(1125008, 297, 28)\n",
      "(1125008, 2, 115)\n",
      "(1125008, 1876, 61)\n",
      "(1125007, 0, 37)\n",
      "(1125007, 1829, 98)\n",
      "(1125008, 128, 11)\n",
      "(1125008, 66, 3)\n",
      "(1125008, 1808, 67)\n",
      "(1125009, 1796, 40)\n",
      "(1125009, 332, 42)\n",
      "(1125009, 1774, 47)\n",
      "(1125009, 1735, 24)\n",
      "(1125010, 33, 1)\n",
      "(1125010, 1731, 34)\n",
      "(1125010, 81, 4)\n",
      "(1125010, 1722, 100)\n",
      "(1125010, 1687, 18)\n",
      "(1125010, 1603, 406)\n",
      "(1125010, 67, 2)\n",
      "(1125010, 112, 26)\n",
      "(1125010, 21, 2)\n",
      "(309, 24, 0)\n",
      "(1125010, 1601, 121)\n",
      "(1125011, 0, 17)\n",
      "(1125012, 1597, 48)\n",
      "(1125012, 806, 34)\n",
      "(1125012, 1572, 56)\n",
      "(1125012, 20, 1)\n",
      "(1125012, 1553, 129)\n",
      "(1125013, 1490, 231)\n",
      "(1125013, 1429, 51)\n",
      "(1125013, 1411, 27)\n",
      "(1125013, 18, 29)\n",
      "(1125013, 49, 1)\n",
      "(1125014, 1391, 94)\n",
      "(1125014, 1376, 59)\n",
      "(1125014, 1363, 12)\n",
      "(3612134, 6, 116)\n",
      "(3612133, 9, 11)\n",
      "(3612133, 4, 323)\n",
      "(3612133, 4110, 342)\n",
      "(3612133, 12583, 188)\n",
      "(3612133, 6, 1)\n",
      "(3612133, 590, 156)\n",
      "(3612133, 10358, 205)\n",
      "(3612133, 898, 10)\n",
      "(3612134, 1804, 110)\n",
      "(3612134, 9572, 311)\n",
      "(3612134, 4, 0)\n",
      "(3612134, 3400, 98)\n",
      "(3612134, 8252, 332)\n",
      "(3612133, 1041, 63)\n",
      "(3612133, 793, 117)\n",
      "(3612133, 7136, 72)\n",
      "(3612133, 1168, 15)\n",
      "(3612133, 6669, 79)\n",
      "(3612133, 1176, 31)\n",
      "(3612133, 168, 7)\n",
      "(3612133, 314, 61)\n",
      "(3612134, 2, 3)\n",
      "(3612134, 1371, 66)\n",
      "(3612134, 115, 0)\n",
      "(3612134, 5988, 355)\n",
      "(3612134, 1567, 34)\n",
      "(3612134, 5448, 325)\n",
      "(3612134, 9, 7)\n",
      "(3612134, 811, 61)\n",
      "(3612134, 18, 11)\n",
      "(3612134, 5360, 72)\n",
      "(3612134, 4738, 1637)\n",
      "(3612134, 4676, 132)\n",
      "(3612134, 7, 1)\n",
      "(3612134, 1763, 26)\n",
      "(3612135, 12, 0)\n",
      "(3612135, 1013, 16)\n",
      "(3612135, 4632, 80)\n",
      "(3612135, 1, 5)\n",
      "(3612135, 4608, 113)\n",
      "(3612135, 754, 81)\n",
      "(3612135, 1841, 56)\n",
      "(3612136, 4551, 68)\n",
      "(3612136, 4457, 118)\n",
      "(3612136, 180, 56)\n",
      "(3612136, 216, 5)\n",
      "(3612136, 30, 0)\n",
      "(3612136, 768, 57)\n",
      "(3612136, 165, 10)\n",
      "(3612136, 4418, 122)\n",
      "(3612136, 197, 10)\n",
      "(3612136, 3833, 333)\n",
      "(3612136, 277, 14)\n",
      "(3612136, 48, 25)\n",
      "(3612136, 48, 11)\n",
      "(3612137, 706, 258)\n",
      "(3612138, 3751, 65)\n",
      "(3612138, 0, 4)\n",
      "(3612138, 194, 112)\n",
      "(3612138, 3718, 81)\n",
      "(3612138, 1866, 43)\n",
      "(3612138, 3567, 467)\n",
      "(3612138, 3528, 105)\n",
      "(3612139, 542, 25)\n",
      "(3612139, 3498, 279)\n",
      "(3612139, 96, 68)\n",
      "(3612139, 3490, 107)\n",
      "(3612139, 42, 0)\n",
      "(3612140, 1, 2)\n",
      "(3612140, 1610, 56)\n",
      "(3612140, 41, 38)\n",
      "(3612140, 676, 51)\n",
      "(3612140, 3449, 610)\n",
      "(3612140, 3403, 69)\n",
      "(3612140, 150, 11)\n",
      "(3612140, 51, 3)\n",
      "(3612140, 3196, 66)\n",
      "(3612140, 466, 67)\n",
      "(3612140, 3080, 155)\n",
      "(3612141, 41, 4)\n",
      "(3612141, 3013, 222)\n",
      "(3612141, 57, 3)\n",
      "(3612141, 0, 15)\n",
      "(3612141, 3010, 135)\n",
      "(3612141, 2975, 134)\n",
      "(3612142, 2958, 14)\n",
      "(3612142, 2925, 47)\n",
      "(3612142, 830, 9)\n",
      "(3612142, 2794, 19)\n",
      "(3612142, 2790, 374)\n",
      "(3612142, 2782, 112)\n",
      "(3612142, 88, 12)\n",
      "(3612142, 32, 1)\n",
      "(3612142, 198, 14)\n",
      "(3612142, 2713, 42)\n",
      "(3612142, 2677, 44)\n",
      "(3612142, 87, 0)\n",
      "(3612142, 156, 6)\n",
      "(3612141, 394, 17)\n",
      "(3612142, 2505, 150)\n",
      "(3612142, 0, 32)\n",
      "(3612142, 2490, 661)\n",
      "(3612142, 2444, 158)\n",
      "(3612142, 165, 25)\n",
      "(3612142, 56, 3)\n",
      "(3612143, 122, 48)\n",
      "(3612143, 261, 18)\n",
      "(3612144, 0, 4)\n",
      "(3612145, 2438, 87)\n",
      "(3612145, 37, 0)\n",
      "(3612145, 2395, 47)\n",
      "(3612145, 209, 73)\n",
      "(3612145, 0, 5)\n",
      "(3612145, 0, 11)\n",
      "(3612145, 2354, 65)\n",
      "(3612145, 521, 30)\n",
      "(3612145, 0, 9)\n",
      "(3612146, 726, 67)\n",
      "(3612146, 34, 7)\n",
      "(3612147, 49, 6)\n",
      "(3612147, 2316, 54)\n",
      "(3612147, 0, 4)\n",
      "(3612147, 2282, 42)\n",
      "(3612148, 2241, 53)\n",
      "(3612149, 83, 2)\n",
      "(3612149, 29, 2)\n",
      "(3612149, 2205, 62)\n",
      "(3612149, 8, 0)\n",
      "(3612150, 0, 17)\n",
      "(3612150, 2178, 247)\n",
      "(3612150, 76, 3)\n",
      "(3612150, 436, 24)\n",
      "(3612150, 410, 70)\n",
      "(3612150, 2174, 265)\n",
      "(3612151, 0, 0)\n",
      "(3612153, 180, 39)\n",
      "(3612153, 2156, 31)\n",
      "(3612153, 1969, 74)\n",
      "(3612153, 1924, 37)\n",
      "(3612154, 91, 20)\n",
      "(3612154, 50, 34)\n",
      "(3612154, 3, 14)\n",
      "(3612154, 500, 33)\n",
      "(3612155, 24, 26)\n",
      "(3612155, 1892, 91)\n",
      "(3612155, 118, 15)\n",
      "(3612155, 73, 32)\n",
      "(3612155, 432, 18)\n",
      "(3612155, 33, 0)\n",
      "(3612155, 53, 9)\n",
      "(3612155, 1882, 70)\n",
      "(3612155, 1869, 51)\n",
      "(3612155, 1822, 104)\n",
      "(3612155, 1808, 44)\n",
      "(3612155, 129, 4)\n",
      "(3612155, 24, 0)\n",
      "(3612155, 324, 31)\n",
      "(3612155, 1786, 128)\n",
      "(3612155, 1587, 21)\n",
      "(3612155, 1558, 33)\n",
      "(3612155, 1543, 46)\n",
      "(3612158, 175, 77)\n",
      "(3612158, 1501, 18)\n",
      "(3612158, 1472, 23)\n",
      "(3612158, 20, 0)\n",
      "(3612158, 52, 5)\n",
      "(3612158, 5, 2)\n",
      "(3612158, 59, 21)\n",
      "(3612158, 17, 0)\n",
      "(3612158, 1428, 81)\n",
      "(3612158, 31, 2)\n",
      "(3612159, 1411, 9)\n",
      "(3612159, 1396, 4)\n",
      "(3612159, 439, 6)\n",
      "(3612160, 1378, 341)\n",
      "(3612160, 1240, 719)\n",
      "(3612160, 35, 2)\n",
      "(3612160, 1227, 35)\n",
      "(3612160, 480, 79)\n",
      "(3612161, 1218, 206)\n",
      "(3612161, 135, 16)\n",
      "(3612161, 1176, 14)\n",
      "(3612162, 1085, 37)\n",
      "(3612162, 1057, 86)\n",
      "(3612162, 25, 0)\n",
      "(3612162, 1038, 53)\n",
      "(3612162, 1028, 39)\n",
      "(3612162, 53, 4)\n",
      "(3612162, 216, 11)\n",
      "(3612161, 36, 1)\n",
      "(3612161, 9, 4)\n",
      "(3612162, 1007, 39)\n",
      "(3612162, 1004, 273)\n",
      "(3612162, 990, 332)\n",
      "(3612162, 12, 3)\n",
      "(3612162, 972, 65)\n",
      "(3612162, 78, 2)\n",
      "(3612162, 949, 41)\n",
      "(3612162, 38, 6)\n",
      "(3612162, 947, 74)\n",
      "(3612162, 95, 263)\n",
      "(3612162, 5, 4)\n",
      "(76115, 287, 564)\n",
      "(76115, 4, 2)\n",
      "(76115, 843, 57)\n",
      "(76115, 5, 6)\n",
      "(76115, 154, 10)\n",
      "(22323847, 764, 11)\n",
      "(76115, 295, 53)\n",
      "(76115, 142, 13)\n",
      "(76115, 220, 5)\n",
      "(76115, 4, 3)\n",
      "(76115, 140, 19)\n",
      "(76115, 215, 11)\n",
      "(76115, 209, 49)\n",
      "(76115, 37, 1)\n",
      "(931173, 59264, 520)\n",
      "(76115, 163, 43)\n",
      "(76115, 159, 66)\n",
      "(76115, 12, 13)\n",
      "(76115, 141, 18)\n",
      "(76115, 131, 64)\n",
      "(76115, 131, 5)\n",
      "(3972479, 27895, 876)\n",
      "(76115, 34, 1)\n",
      "(76115, 30, 7)\n",
      "(76115, 110, 38)\n",
      "(76115, 88, 11)\n",
      "(3972479, 25554, 782)\n",
      "(76115, 15, 44)\n",
      "(76115, 80, 6)\n",
      "(76115, 79, 3)\n",
      "(76115, 17, 18)\n",
      "(76115, 60, 12)\n",
      "(76115, 0, 19)\n",
      "(76115, 7, 9)\n",
      "(76115, 2, 0)\n",
      "(76115, 55, 2)\n",
      "(76115, 38, 62)\n",
      "(76115, 20, 5)\n",
      "(76115, 143, 37)\n",
      "(76115, 54, 103)\n",
      "(76115, 38, 45)\n",
      "(76115, 38, 23)\n",
      "(76115, 18, 10)\n",
      "(76115, 39, 12)\n",
      "(76115, 5, 18)\n",
      "(76115, 198, 96)\n",
      "(76115, 49, 0)\n",
      "(76115, 443, 24)\n",
      "(76115, 18, 13)\n",
      "(76115, 162, 16)\n",
      "(76115, 17, 9)\n",
      "(76115, 384, 51)\n",
      "(76115, 23, 13)\n",
      "(76115, 0, 27)\n",
      "(76115, 13, 35)\n",
      "(76115, 3, 18)\n",
      "(76115, 11, 35)\n",
      "(76115, 8, 11)\n",
      "(76115, 8, 3)\n",
      "(76115, 56, 17)\n",
      "(76115, 4, 0)\n",
      "(76115, 20, 29)\n",
      "(76115, 7, 10)\n",
      "(76115, 543, 67)\n",
      "(76115, 34, 5)\n",
      "(76115, 0, 7)\n",
      "(35849, 20, 32)\n",
      "(76115, 7, 9)\n",
      "(76115, 80, 20)\n",
      "(76115, 6, 2)\n",
      "(76115, 6, 16)\n",
      "(76115, 125, 138)\n",
      "(76115, 42, 4)\n",
      "(76115, 375, 7)\n",
      "(8217494, 11913, 158)\n",
      "(76115, 6, 3)\n",
      "(76115, 252, 22)\n",
      "(3052012, 19069, 154)\n",
      "(76115, 1, 5)\n",
      "(76115, 345, 166)\n",
      "(76115, 0, 251)\n",
      "(76115, 7, 3)\n",
      "(65250, 339, 49)\n",
      "(76115, 117, 44)\n",
      "(76115, 89, 10)\n",
      "(181491, 2578, 156)\n",
      "(76115, 405, 77)\n",
      "(76115, 261, 19)\n",
      "(76115, 28, 14)\n",
      "(76115, 403, 90)\n",
      "(76115, 50, 7)\n",
      "(76115, 0, 5)\n",
      "(76115, 15, 0)\n",
      "(76115, 5, 2)\n",
      "(76115, 188, 37)\n",
      "(76115, 21, 20)\n",
      "(76115, 81, 74)\n",
      "(76115, 99, 29)\n",
      "(19792884, 18830, 1478)\n",
      "(76115, 248, 117)\n",
      "(76115, 31, 35)\n",
      "(76115, 17, 31)\n",
      "(76115, 166, 45)\n",
      "(453115, 4709, 867)\n",
      "(76115, 3, 4)\n",
      "(76115, 83, 34)\n",
      "(76115, 76, 52)\n",
      "(76115, 4, 2)\n",
      "(76115, 68, 19)\n",
      "(76115, 18, 17)\n",
      "(76115, 214, 42)\n",
      "(76115, 254, 105)\n",
      "(76115, 1, 10)\n",
      "(76115, 72, 7)\n",
      "(76115, 44, 26)\n",
      "(76115, 0, 1)\n",
      "(76115, 18, 1)\n",
      "(3152883, 264, 36)\n",
      "(76115, 147, 18)\n",
      "(76115, 181, 39)\n",
      "(13902071, 57436, 1104)\n",
      "(76115, 127, 57)\n",
      "(76115, 254, 8)\n",
      "(3972479, 7056, 53)\n",
      "(76115, 0, 8)\n",
      "(76115, 0, 42)\n",
      "(76115, 11, 44)\n",
      "(76115, 11, 16)\n",
      "(76115, 2, 12)\n",
      "(76115, 26, 36)\n",
      "(76115, 18, 0)\n",
      "(76115, 14, 11)\n",
      "(76115, 64, 12)\n",
      "(76115, 11, 5)\n",
      "(76115, 30, 18)\n",
      "(76115, 29, 13)\n",
      "(76115, 455, 71)\n",
      "(76115, 98, 8)\n",
      "(76115, 62, 13)\n",
      "(76115, 58, 8)\n",
      "(76115, 6, 4)\n",
      "(76115, 13, 6)\n",
      "(76115, 29, 24)\n",
      "(76115, 117, 7)\n",
      "(76115, 9, 0)\n",
      "(76115, 292, 70)\n",
      "(76115, 505, 14)\n",
      "(76115, 134, 6)\n",
      "(76115, 0, 19)\n",
      "(76115, 11, 1)\n",
      "(3972479, 19645, 262)\n",
      "(76115, 164, 15)\n",
      "(76115, 144, 5)\n",
      "(3972479, 14849, 105)\n",
      "(76115, 1, 2)\n",
      "(76115, 20, 29)\n",
      "(76115, 11, 3)\n",
      "(76115, 1, 14)\n",
      "(76115, 10, 2)\n",
      "(76115, 4, 16)\n",
      "(76115, 7, 17)\n",
      "(76115, 2, 8)\n",
      "(76115, 2, 11)\n",
      "(76115, 0, 42)\n",
      "(76115, 28, 4)\n",
      "(76115, 3, 4)\n",
      "(76115, 0, 7)\n",
      "(76115, 107, 26)\n",
      "(76115, 54, 4)\n",
      "(76115, 3, 7)\n",
      "(76115, 9, 19)\n",
      "(76115, 18, 13)\n",
      "(76115, 33, 31)\n",
      "(76115, 8, 29)\n",
      "(76115, 0, 30)\n",
      "(76115, 167, 26)\n",
      "(76115, 67, 80)\n",
      "(76115, 20, 4)\n",
      "(76115, 10, 1)\n",
      "(76115, 3, 8)\n",
      "(76115, 15, 3)\n",
      "(76115, 0, 16)\n",
      "(76115, 4, 1)\n",
      "(76115, 30, 30)\n",
      "(76115, 32, 17)\n",
      "(76115, 15, 35)\n",
      "(76115, 1, 20)\n",
      "(76115, 186, 40)\n",
      "(76115, 21, 52)\n",
      "(76115, 41, 35)\n",
      "(76115, 30, 6)\n",
      "(76115, 99, 6)\n",
      "(1288218, 727, 70)\n",
      "(76115, 597, 23)\n",
      "(76115, 22, 13)\n",
      "(76115, 45, 4)\n",
      "(76115, 4, 4)\n",
      "(76115, 85, 38)\n",
      "(76115, 31, 5)\n",
      "(76115, 4, 0)\n",
      "(76115, 20, 25)\n",
      "(76115, 2, 2)\n",
      "(76115, 70, 19)\n",
      "(76115, 19, 22)\n",
      "(76115, 380, 39)\n",
      "(76115, 9, 12)\n",
      "(76115, 97, 19)\n",
      "(76115, 30, 14)\n",
      "(76115, 0, 1)\n",
      "(76115, 0, 29)\n",
      "(76115, 2, 1)\n",
      "(76115, 175, 27)\n",
      "(76115, 59, 30)\n",
      "(76115, 122, 42)\n",
      "(76115, 2, 10)\n",
      "(76115, 0, 10)\n",
      "(76115, 6, 0)\n",
      "(76115, 34, 6)\n",
      "(76115, 0, 12)\n",
      "(3090, 3, 9)\n",
      "(3090, 9, 21)\n",
      "(3090, 9, 28)\n",
      "(3090, 2, 2)\n",
      "(3090, 7, 7)\n",
      "(3090, 4, 5)\n",
      "(3090, 4, 13)\n",
      "(3090, 4, 9)\n",
      "(3090, 4, 23)\n",
      "(3090, 2, 1)\n",
      "(3090, 5, 6)\n",
      "(3090, 3, 2)\n",
      "(3090, 3, 2)\n",
      "(3090, 6, 6)\n",
      "(3090, 2, 3)\n",
      "(3090, 2, 6)\n",
      "(3090, 14, 1)\n",
      "(3090, 48, 23)\n",
      "(3090, 7, 18)\n",
      "(3090, 0, 3)\n",
      "(3090, 6, 6)\n",
      "(3090, 4, 13)\n",
      "(3090, 14, 6)\n",
      "(3090, 2, 3)\n",
      "(3090, 6, 8)\n",
      "(3090, 3, 3)\n",
      "(3090, 10, 2)\n",
      "(3090, 2, 8)\n",
      "(3090, 5, 14)\n",
      "(3090, 15, 25)\n",
      "(3090, 13, 4)\n",
      "(36, 5, 2)\n",
      "(3090, 8, 9)\n",
      "(3090, 6, 1)\n",
      "(3090, 7, 6)\n",
      "(3090, 4, 5)\n",
      "(3090, 3, 7)\n",
      "(3090, 6, 5)\n",
      "(3090, 3, 1)\n",
      "(3090, 2, 7)\n",
      "(3090, 6, 2)\n",
      "(3090, 5, 5)\n",
      "(3090, 2, 6)\n",
      "(3090, 3, 6)\n",
      "(3090, 6, 11)\n",
      "(3090, 4, 5)\n",
      "(3090, 5, 3)\n",
      "(3090, 5, 3)\n",
      "(3090, 6, 22)\n",
      "(3090, 5, 1)\n",
      "(3090, 12, 19)\n",
      "(3090, 7, 3)\n",
      "(3090, 13, 2)\n",
      "(3090, 24, 14)\n",
      "(3090, 5, 2)\n",
      "(3090, 3, 13)\n",
      "(3090, 4, 3)\n",
      "(3090, 30, 33)\n",
      "(3090, 5, 4)\n",
      "(3090, 17, 31)\n",
      "(3090, 9, 37)\n",
      "(3090, 2, 3)\n",
      "(3090, 15, 5)\n",
      "(3090, 20, 8)\n",
      "(3090, 11, 18)\n",
      "(3090, 9, 7)\n",
      "(3090, 4, 2)\n",
      "(3090, 3, 7)\n",
      "(3090, 0, 6)\n",
      "(3090, 10, 7)\n",
      "(3090, 4, 5)\n",
      "(3090, 2, 3)\n",
      "(3090, 6, 8)\n",
      "(3090, 1, 2)\n",
      "(3090, 3, 2)\n",
      "(3090, 8, 3)\n",
      "(3090, 0, 20)\n",
      "(3090, 8, 11)\n",
      "(3090, 4, 5)\n",
      "(3090, 7, 6)\n",
      "(3090, 10, 10)\n",
      "(3090, 30, 8)\n",
      "(161887, 153, 56)\n",
      "(3090, 5, 4)\n",
      "(3090, 9, 6)\n",
      "(3090, 12, 14)\n",
      "(3090, 2, 2)\n",
      "(3090, 3, 13)\n",
      "(3090, 5, 14)\n",
      "(3090, 6, 2)\n",
      "(3090, 2, 9)\n",
      "(3090, 13, 12)\n",
      "(3090, 7, 5)\n",
      "(3090, 4, 22)\n",
      "(3090, 5, 5)\n",
      "(3090, 30, 25)\n",
      "(3090, 7, 9)\n",
      "(3090, 6, 15)\n",
      "(3090, 3, 0)\n",
      "(3090, 2, 9)\n",
      "(3090, 12, 8)\n",
      "(3090, 8, 1)\n",
      "(3090, 10, 17)\n",
      "(3090, 1, 3)\n",
      "(3090, 29, 22)\n",
      "(3090, 5, 13)\n",
      "(3090, 4, 6)\n",
      "(3090, 4, 7)\n",
      "(3090, 7, 6)\n",
      "(3090, 3, 1)\n",
      "(3090, 4, 2)\n",
      "(3090, 5, 8)\n",
      "(3090, 5, 9)\n",
      "(3090, 25, 13)\n",
      "(3090, 8, 2)\n",
      "(3090, 10, 26)\n",
      "(3090, 4, 8)\n",
      "(3090, 1, 3)\n",
      "(3090, 10, 9)\n",
      "(3090, 3, 12)\n",
      "(3090, 14, 16)\n",
      "(3090, 2, 2)\n",
      "(3090, 2, 2)\n",
      "(3090, 4, 1)\n",
      "(3090, 5, 8)\n",
      "(3090, 1, 1)\n",
      "(3090, 5, 6)\n",
      "(3090, 5, 5)\n",
      "(3090, 7, 9)\n",
      "(3090, 7, 12)\n",
      "(3090, 3, 11)\n",
      "(3090, 3, 0)\n",
      "(3090, 3, 32)\n",
      "(3090, 5, 2)\n",
      "(3090, 8, 20)\n",
      "(3090, 3, 3)\n",
      "(3090, 3, 4)\n",
      "(3090, 3, 5)\n",
      "(3090, 4, 0)\n",
      "(3090, 7, 2)\n",
      "(3090, 6, 6)\n",
      "(3090, 0, 2)\n",
      "(3090, 8, 3)\n",
      "(3090, 10, 0)\n",
      "(3090, 6, 7)\n",
      "(3090, 7, 6)\n",
      "(3090, 2, 0)\n",
      "(3090, 8, 11)\n",
      "(3090, 16, 9)\n",
      "(3090, 3, 4)\n",
      "(3090, 4, 6)\n",
      "(3090, 8, 9)\n",
      "(3090, 11, 18)\n",
      "(3090, 4, 17)\n",
      "(3090, 7, 4)\n",
      "(3090, 10, 14)\n",
      "(3090, 9, 5)\n",
      "(3090, 10, 8)\n",
      "(3090, 5, 4)\n",
      "(3090, 5, 17)\n",
      "(3090, 11, 26)\n",
      "(3090, 1, 4)\n",
      "(3090, 4, 1)\n",
      "(3090, 1, 2)\n",
      "(3090, 7, 14)\n",
      "(0, 1, 0)\n",
      "(3090, 2, 5)\n",
      "(3090, 4, 28)\n",
      "(3090, 6, 6)\n",
      "(3090, 7, 5)\n",
      "(3090, 2, 13)\n",
      "(3090, 10, 18)\n",
      "(3090, 15, 6)\n",
      "(3090, 4, 10)\n",
      "(3090, 12, 5)\n",
      "(3090, 3, 6)\n",
      "(3090, 6, 3)\n",
      "(3090, 1, 1)\n",
      "(3090, 6, 44)\n",
      "(3090, 3, 4)\n",
      "(3090, 10, 0)\n",
      "(3090, 4, 1)\n",
      "(3090, 2, 0)\n",
      "(3090, 9, 4)\n",
      "(3090, 4, 1)\n",
      "(3090, 7, 18)\n",
      "(3090, 4, 10)\n",
      "(3090, 6, 18)\n",
      "(3090, 9, 9)\n",
      "(3090, 3, 13)\n",
      "(3090, 5, 3)\n",
      "(3090, 4, 0)\n",
      "(3090, 7, 5)\n",
      "(3090, 3, 5)\n",
      "(3090, 8, 8)\n",
      "(3090, 31, 15)\n",
      "(3090, 4, 1)\n",
      "(3090, 4, 1)\n",
      "(3090, 18, 8)\n",
      "(3090, 12, 10)\n",
      "(3090, 16, 9)\n",
      "(3090, 14, 0)\n",
      "(3090, 4, 2)\n",
      "(3090, 7, 14)\n",
      "(82454, 58, 63)\n",
      "(11626745, 109, 45)\n",
      "(76116, 8, 9)\n",
      "(76116, 34, 20)\n",
      "(76116, 20, 14)\n",
      "(267703, 22, 19)\n",
      "(4384871, 33, 28)\n",
      "(76116, 58, 22)\n",
      "(267703, 0, 48)\n",
      "(76116, 26, 12)\n",
      "(76116, 24, 49)\n",
      "(76116, 20, 31)\n",
      "(35364908, 59, 125)\n",
      "(267703, 0, 12)\n",
      "(1148812, 48, 44)\n",
      "(260462, 1313, 140)\n",
      "(76116, 21, 25)\n",
      "(35364917, 169, 516)\n",
      "(40457034, 9583, 349)\n",
      "(76116, 29, 20)\n",
      "(18890540, 695, 45)\n",
      "(75882, 101, 61)\n",
      "(605078, 1033, 105)\n",
      "(76116, 16, 22)\n",
      "(410495, 176, 393)\n",
      "(45605, 5, 16)\n",
      "(18890541, 2922, 94)\n",
      "(4384873, 29, 8)\n",
      "(785191, 699, 64)\n",
      "(76116, 6, 5)\n",
      "(23221744, 2288, 772)\n",
      "(4384873, 880, 430)\n",
      "(319714, 314, 71)\n",
      "(35364950, 1519, 101)\n",
      "(91200, 17, 10)\n",
      "(80767, 98, 76)\n",
      "(66274, 161, 3)\n",
      "(1837525, 0, 6)\n",
      "(76116, 6, 6)\n",
      "(4384873, 814, 202)\n",
      "(854378, 2652, 349)\n",
      "(127558, 666, 23)\n",
      "(854378, 0, 21)\n",
      "(854378, 1282, 398)\n",
      "(854378, 108, 89)\n",
      "(112228, 1962, 238)\n",
      "(323193, 3806, 165)\n",
      "(112228, 1402, 125)\n",
      "(27058, 91, 40)\n",
      "(112228, 1220, 63)\n",
      "(854378, 0, 22)\n",
      "(854378, 1980, 178)\n",
      "(854378, 703, 221)\n",
      "(17481, 16, 38)\n",
      "(854378, 2601, 409)\n",
      "(854378, 194, 29)\n",
      "(611769, 335, 50)\n",
      "(611769, 611, 74)\n",
      "(854378, 0, 48)\n",
      "(854378, 2912, 1817)\n",
      "(127558, 499, 43)\n",
      "(112229, 1361, 153)\n",
